% Date format is YYYYMMDD
% use Matlab 'datevec' to change to another desired format, if needed
entry_dates{1} = 20050110
entry_dates{2} = 20050201
entry_dates{3} = 20050301
entry_dates{4} = 20050401
entry_dates{5} = 20050502
entry_dates{6} = 20050601
entry_dates{7} = 20050701
entry_dates{8} = 20050801
entry_dates{9} = 20050901
entry_dates{10} = 20051003
entry_dates{11} = 20051101
entry_dates{12} = 20051201
entry_dates{13} = 20060103
entry_dates{14} = 20060201
entry_dates{15} = 20060301
entry_dates{16} = 20060403
entry_dates{17} = 20060501
entry_dates{18} = 20060601
entry_dates{19} = 20060703
entry_dates{20} = 20060801
entry_dates{21} = 20060901
entry_dates{22} = 20061002
entry_dates{23} = 20061101
entry_dates{24} = 20061201
entry_dates{25} = 20070103
entry_dates{26} = 20070201
entry_dates{27} = 20070301
entry_dates{28} = 20070402
entry_dates{29} = 20070501
entry_dates{30} = 20070601
entry_dates{31} = 20070702
entry_dates{32} = 20070801
entry_dates{33} = 20070904
entry_dates{34} = 20071001
entry_dates{35} = 20071101
entry_dates{36} = 20071203
entry_dates{37} = 20080102
entry_dates{38} = 20080201
entry_dates{39} = 20080303
entry_dates{40} = 20080403
entry_dates{41} = 20080501
entry_dates{42} = 20080602
entry_dates{43} = 20080701
entry_dates{44} = 20080801
entry_dates{45} = 20080902
entry_dates{46} = 20081001
entry_dates{47} = 20081103
entry_dates{48} = 20081203
entry_dates{49} = 20090102
entry_dates{50} = 20090202
entry_dates{51} = 20090302
entry_dates{52} = 20090401
entry_dates{53} = 20090501
entry_dates{54} = 20090601
entry_dates{55} = 20090701
entry_dates{56} = 20090803
entry_dates{57} = 20090901
entry_dates{58} = 20091001
entry_dates{59} = 20091102
entry_dates{60} = 20091201
entry_dates{61} = 20100104
entry_dates{62} = 20100201
entry_dates{63} = 20100301
entry_dates{64} = 20100401
entry_dates{65} = 20100503
entry_dates{66} = 20100601
entry_dates{67} = 20100701
entry_dates{68} = 20100802
entry_dates{69} = 20100901
entry_dates{70} = 20101001
entry_dates{71} = 20101101
entry_dates{72} = 20101201
entry_dates{73} = 20110103
entry_dates{74} = 20110201
entry_dates{75} = 20110301
entry_dates{76} = 20110401
entry_dates{77} = 20110502
entry_dates{78} = 20110601
entry_dates{79} = 20110701
entry_dates{80} = 20110801
entry_dates{81} = 20110901
entry_dates{82} = 20111003
entry_dates{83} = 20111101
entry_dates{84} = 20111201
entry_dates{85} = 20120103
entry_dates{86} = 20120201
entry_dates{87} = 20120301
entry_dates{88} = 20120402
entry_dates{89} = 20120501
entry_dates{90} = 20120601
entry_dates{91} = 20120702
entry_dates{92} = 20120801
entry_dates{93} = 20120904
entry_dates{94} = 20121004
entry_dates{95} = 20121101
entry_dates{96} = 20121203
entry_dates{97} = 20130102
entry_dates{98} = 20130201
entry_dates{99} = 20130301
entry_dates{100} = 20130401
entry_dates{101} = 20130501
entry_dates{102} = 20130603
entry_dates{103} = 20130701
entry_dates{104} = 20130801
entry_dates{105} = 20130903
entry_dates{106} = 20131001
entry_dates{107} = 20131101
entry_dates{108} = 20131202
entry_dates{109} = 20140102
entry_dates{110} = 20140203
entry_dates{111} = 20140303
entry_dates{112} = 20140401
entry_dates{113} = 20140501
entry_dates{114} = 20140602
entry_dates{115} = 20140701
entry_dates{116} = 20140801
entry_dates{117} = 20140902
entry_dates{118} = 20141001
entry_dates{119} = 20141103
entry_dates{120} = 20141201
entry_dates{121} = 20150102
entry_dates{122} = 20150202
entry_dates{123} = 20150302
entry_dates{124} = 20150401
entry_dates{125} = 20150501
entry_dates{126} = 20150601
entry_dates{127} = 20150701
entry_dates{128} = 20150803
entry_dates{129} = 20150901
entry_dates{130} = 20151001
entry_dates{131} = 20151102
entry_dates{132} = 20151201
entry_dates{133} = 20160104
entry_dates{134} = 20160201
entry_dates{135} = 20160301
entry_dates{136} = 20160401
entry_dates{137} = 20160502
entry_dates{138} = 20160601
